grad =

   2.0698e-12   8.1230e-12

grad =

   2.0698e-12
   8.1230e-12
   6.8483e-12

grad =

  -4.5404e-12  -1.1810e-11

grad =

  -4.5404e-12
  -1.1810e-11
  -1.2553e-11

grad =

  -5.2014e-12  -1.3803e-11

grad =

  -5.2014e-12
  -1.3803e-11
  -1.4493e-11

grad =

  -5.2675e-12  -1.4002e-11

grad =

  -5.2675e-12
  -1.4002e-11
  -1.4687e-11

grad =

  -5.2741e-12  -1.4022e-11

grad =

  -5.2741e-12
  -1.4022e-11
  -1.4706e-11

grad =

  -5.2748e-12  -1.4024e-11

grad =

  -5.2748e-12
  -1.4024e-11
  -1.4708e-11

grad =

  -5.2748e-12  -1.4024e-11

grad =

  -5.2748e-12
  -1.4024e-11
  -1.4709e-11

grad =

  -5.2748e-12  -1.4024e-11

grad =

  -5.2748e-12
  -1.4024e-11
  -1.4708e-11

grad =

  -5.2748e-12  -1.4024e-11

grad =

  -5.2748e-12
  -1.4024e-11
  -1.4708e-11

grad =

  -5.2748e-12  -1.4024e-11

grad =

  -5.2748e-12
  -1.4024e-11
  -1.4708e-11

grad =

  -5.2748e-12  -1.4024e-11

grad =

  -5.2748e-12
  -1.4024e-11
  -1.4708e-11

grad =

  -5.2748e-12  -1.4024e-11

grad =

  -5.2748e-12
  -1.4024e-11
  -1.4708e-11

grad =

  -5.2748e-12  -1.4024e-11

grad =

  -5.2748e-12
  -1.4024e-11
  -1.4708e-11

grad =

  -5.2748e-12  -1.4024e-11

grad =

  -5.2748e-12
  -1.4024e-11
  -1.4708e-11

grad =

  -5.2748e-12  -1.4024e-11

grad =

  -5.2748e-12
  -1.4024e-11
  -1.4708e-11

grad =

  -5.2748e-12  -1.4024e-11

grad =

  -5.2748e-12
  -1.4024e-11
  -1.4708e-11

grad =

  -5.2748e-12  -1.4024e-11

grad =

  -5.2748e-12
  -1.4024e-11
  -1.4708e-11

grad =

  -5.2748e-12  -1.4024e-11

grad =

  -5.2748e-12
  -1.4024e-11
  -1.4708e-11

grad =

  -5.2748e-12  -1.4024e-11

grad =

  -5.2748e-12
  -1.4024e-11
  -1.4708e-11

grad =

  -5.2748e-12  -1.4024e-11

grad =

  -5.2748e-12
  -1.4024e-11
  -1.4708e-11

grad =

  -5.2748e-12  -1.4024e-11

grad =

  -5.2748e-12
  -1.4024e-11
  -1.4708e-11


== 
==                                   Part Name |     Score | Feedback
==                                   --------- |     ----- | --------
== Regularized Linear Regression Cost Function |  25 /  25 | Nice work!
==      Regularized Linear Regression Gradient |  25 /  25 | Nice work!
==                              Learning Curve |  20 /  20 | Nice work!
==                  Polynomial Feature Mapping |   0 /  10 | 
==                            Validation Curve |  20 /  20 | Nice work!
==                                   --------------------------------
==                                             |  90 / 100 | 
== 
